6440	1	1	1	16	1
6440	2	1	1	15	2
6440	3	1	1	14	3
6440	4	1	1	13	4
6440	5	1	1	12	5
6440	6	1	1	11	6
6440	7	1	1	10	7
6440	8	1	1	9	8
6440	9	1	1	8	9
6440	10	1	1	7	10
6440	11	1	1	6	11
6440	12	1	1	5	12
6440	13	1	1	4	13
6440	14	1	1	3	14
6440	15	1	1	2	15
6440	16	1	1	1	16
6440	17	1	1	32	17
6440	18	1	1	31	18
6440	19	1	1	30	19
6440	20	1	1	29	20
6440	21	1	1	28	21
6440	22	1	1	27	22
6440	23	1	1	26	23
6440	24	1	1	25	24
6440	25	1	1	24	25
6440	26	1	1	23	26
6440	27	1	1	22	27
6440	28	1	1	21	28
6440	29	1	1	20	29
6440	30	1	1	19	30
6440	31	1	1	18	31
6440	32	1	1	17	32
6440	33	1	1	48	33
6440	34	1	1	47	34
6440	35	1	1	46	35
6440	36	1	1	45	36
6440	37	1	1	44	37
6440	38	1	1	43	38
6440	39	1	1	42	39
6440	40	1	1	41	40
6440	41	1	1	40	41
6440	42	1	1	39	42
6440	43	1	1	38	43
6440	44	1	1	37	44
6440	45	1	1	36	45
6440	46	1	1	35	46
6440	47	1	1	34	47
6440	48	1	1	33	48
6441	1	1	1	64	49
6441	2	1	1	63	50
6441	3	1	1	62	51
6441	4	1	1	61	52
6441	5	1	1	60	53
6441	6	1	1	59	54
6441	7	1	1	58	55
6441	8	1	1	57	56
6441	9	1	1	56	57
6441	10	1	1	55	58
6441	11	1	1	54	59
6441	12	1	1	53	60
6441	13	1	1	52	61
6441	14	1	1	51	62
6441	15	1	1	50	63
6441	16	1	1	49	64
6441	17	1	1	80	65
6441	18	1	1	79	66
6441	19	1	1	78	67
6441	20	1	1	77	68
6441	21	1	1	76	69
6441	22	1	1	75	70
6441	23	1	1	74	71
6441	24	1	1	73	72
6441	25	1	1	72	73
6441	26	1	1	71	74
6441	27	1	1	70	75
6441	28	1	1	69	76
6441	29	1	1	68	77
6441	30	1	1	67	78
6441	31	1	1	66	79
6441	32	1	1	65	80
6441	33	1	1	96	81
6441	34	1	1	95	82
6441	35	1	1	94	83
6441	36	1	1	93	84
6441	37	1	1	92	85
6441	38	1	1	91	86
6441	39	1	1	90	87
6441	40	1	1	89	88
6441	41	1	1	88	89
6441	42	1	1	87	90
6441	43	1	1	86	91
6441	44	1	1	85	92
6441	45	1	1	84	93
6441	46	1	1	83	94
6441	47	1	1	82	95
6441	48	1	1	81	96
6442	1	1	1	112	97
6442	2	1	1	111	98
6442	3	1	1	110	99
6442	4	1	1	109	100
6442	5	1	1	108	101
6442	6	1	1	107	102
6442	7	1	1	106	103
6442	8	1	1	105	104
6442	9	1	1	104	105
6442	10	1	1	103	106
6442	11	1	1	102	107
6442	12	1	1	101	108
6442	13	1	1	100	109
6442	14	1	1	99	110
6442	15	1	1	98	111
6442	16	1	1	97	112
6442	17	1	1	128	113
6442	18	1	1	127	114
6442	19	1	1	126	115
6442	20	1	1	125	116
6442	21	1	1	124	117
6442	22	1	1	123	118
6442	23	1	1	122	119
6442	24	1	1	121	120
6442	25	1	1	120	121
6442	26	1	1	119	122
6442	27	1	1	118	123
6442	28	1	1	117	124
6442	29	1	1	116	125
6442	30	1	1	115	126
6442	31	1	1	114	127
6442	32	1	1	113	128
6442	33	1	1	144	129
6442	34	1	1	143	130
6442	35	1	1	142	131
6442	36	1	1	141	132
6442	37	1	1	140	133
6442	38	1	1	139	134
6442	39	1	1	138	135
6442	40	1	1	137	136
6442	41	1	1	136	137
6442	42	1	1	135	138
6442	43	1	1	134	139
6442	44	1	1	133	140
6442	45	1	1	132	141
6442	46	1	1	131	142
6442	47	1	1	130	143
6442	48	1	1	129	144
6443	1	1	1	160	145
6443	2	1	1	159	146
6443	3	1	1	158	147
6443	4	1	1	157	148
6443	5	1	1	156	149
6443	6	1	1	155	150
6443	7	1	1	154	151
6443	8	1	1	153	152
6443	9	1	1	152	153
6443	10	1	1	151	154
6443	11	1	1	150	155
6443	12	1	1	149	156
6443	13	1	1	148	157
6443	14	1	1	147	158
6443	15	1	1	146	159
6443	16	1	1	145	160
6443	17	1	1	176	161
6443	18	1	1	175	162
6443	19	1	1	174	163
6443	20	1	1	173	164
6443	21	1	1	172	165
6443	22	1	1	171	166
6443	23	1	1	170	167
6443	24	1	1	169	168
6443	25	1	1	168	169
6443	26	1	1	167	170
6443	27	1	1	166	171
6443	28	1	1	165	172
6443	29	1	1	164	173
6443	30	1	1	163	174
6443	31	1	1	162	175
6443	32	1	1	161	176
6443	33	1	1	192	177
6443	34	1	1	191	178
6443	35	1	1	190	179
6443	36	1	1	189	180
6443	37	1	1	188	181
6443	38	1	1	187	182
6443	39	1	1	186	183
6443	40	1	1	185	184
6443	41	1	1	184	185
6443	42	1	1	183	186
6443	43	1	1	182	187
6443	44	1	1	181	188
6443	45	1	1	180	189
6443	46	1	1	179	190
6443	47	1	1	178	191
6443	48	1	1	177	192
6444	1	1	1	208	193
6444	2	1	1	207	194
6444	3	1	1	206	195
6444	4	1	1	205	196
6444	5	1	1	204	197
6444	6	1	1	203	198
6444	7	1	1	202	199
6444	8	1	1	201	200
6444	9	1	1	200	201
6444	10	1	1	199	202
6444	11	1	1	198	203
6444	12	1	1	197	204
6444	13	1	1	196	205
6444	14	1	1	195	206
6444	15	1	1	194	207
6444	16	1	1	193	208
6444	17	1	1	224	209
6444	18	1	1	223	210
6444	19	1	1	222	211
6444	20	1	1	221	212
6444	21	1	1	220	213
6444	22	1	1	219	214
6444	23	1	1	218	215
6444	24	1	1	217	216
6444	25	1	1	216	217
6444	26	1	1	215	218
6444	27	1	1	214	219
6444	28	1	1	213	220
6444	29	1	1	212	221
6444	30	1	1	211	222
6444	31	1	1	210	223
6444	32	1	1	209	224
6445	1	1	1	240	225
6445	2	1	1	239	226
6445	3	1	1	238	227
6445	4	1	1	237	228
6445	5	1	1	236	229
6445	6	1	1	235	230
6445	7	1	1	234	231
6445	8	1	1	233	232
6445	9	1	1	232	233
6445	10	1	1	231	234
6445	11	1	1	230	235
6445	12	1	1	229	236
6445	13	1	1	228	237
6445	14	1	1	227	238
6445	15	1	1	226	239
6445	16	1	1	225	240
6445	17	1	1	256	241
6445	18	1	1	255	242
6445	19	1	1	254	243
6445	20	1	1	253	244
6445	21	1	1	252	245
6445	22	1	1	251	246
6445	23	1	1	250	247
6445	24	1	1	249	248
6445	25	1	1	248	249
6445	26	1	1	247	250
6445	27	1	1	246	251
6445	28	1	1	245	252
6445	29	1	1	244	253
6445	30	1	1	243	254
6445	31	1	1	242	255
6445	32	1	1	241	256
6450	1	1	2	16	1
6450	2	1	2	15	2
6450	3	1	2	14	3
6450	4	1	2	13	4
6450	5	1	2	12	5
6450	6	1	2	11	6
6450	7	1	2	10	7
6450	8	1	2	9	8
6450	9	1	2	8	9
6450	10	1	2	7	10
6450	11	1	2	6	11
6450	12	1	2	5	12
6450	13	1	2	4	13
6450	14	1	2	3	14
6450	15	1	2	2	15
6450	16	1	2	1	16
6450	17	1	2	32	17
6450	18	1	2	31	18
6450	19	1	2	30	19
6450	20	1	2	29	20
6450	21	1	2	28	21
6450	22	1	2	27	22
6450	23	1	2	26	23
6450	24	1	2	25	24
6450	25	1	2	24	25
6450	26	1	2	23	26
6450	27	1	2	22	27
6450	28	1	2	21	28
6450	29	1	2	20	29
6450	30	1	2	19	30
6450	31	1	2	18	31
6450	32	1	2	17	32
6450	33	1	2	48	33
6450	34	1	2	47	34
6450	35	1	2	46	35
6450	36	1	2	45	36
6450	37	1	2	44	37
6450	38	1	2	43	38
6450	39	1	2	42	39
6450	40	1	2	41	40
6450	41	1	2	40	41
6450	42	1	2	39	42
6450	43	1	2	38	43
6450	44	1	2	37	44
6450	45	1	2	36	45
6450	46	1	2	35	46
6450	47	1	2	34	47
6450	48	1	2	33	48
6451	1	1	2	64	49
6451	2	1	2	63	50
6451	3	1	2	62	51
6451	4	1	2	61	52
6451	5	1	2	60	53
6451	6	1	2	59	54
6451	7	1	2	58	55
6451	8	1	2	57	56
6451	9	1	2	56	57
6451	10	1	2	55	58
6451	11	1	2	54	59
6451	12	1	2	53	60
6451	13	1	2	52	61
6451	14	1	2	51	62
6451	15	1	2	50	63
6451	16	1	2	49	64
6451	17	1	2	80	65
6451	18	1	2	79	66
6451	19	1	2	78	67
6451	20	1	2	77	68
6451	21	1	2	76	69
6451	22	1	2	75	70
6451	23	1	2	74	71
6451	24	1	2	73	72
6451	25	1	2	72	73
6451	26	1	2	71	74
6451	27	1	2	70	75
6451	28	1	2	69	76
6451	29	1	2	68	77
6451	30	1	2	67	78
6451	31	1	2	66	79
6451	32	1	2	65	80
6451	33	1	2	96	81
6451	34	1	2	95	82
6451	35	1	2	94	83
6451	36	1	2	93	84
6451	37	1	2	92	85
6451	38	1	2	91	86
6451	39	1	2	90	87
6451	40	1	2	89	88
6451	41	1	2	88	89
6451	42	1	2	87	90
6451	43	1	2	86	91
6451	44	1	2	85	92
6451	45	1	2	84	93
6451	46	1	2	83	94
6451	47	1	2	82	95
6451	48	1	2	81	96
6452	1	1	2	112	97
6452	2	1	2	111	98
6452	3	1	2	110	99
6452	4	1	2	109	100
6452	5	1	2	108	101
6452	6	1	2	107	102
6452	7	1	2	106	103
6452	8	1	2	105	104
6452	9	1	2	104	105
6452	10	1	2	103	106
6452	11	1	2	102	107
6452	12	1	2	101	108
6452	13	1	2	100	109
6452	14	1	2	99	110
6452	15	1	2	98	111
6452	16	1	2	97	112
6452	17	1	2	128	113
6452	18	1	2	127	114
6452	19	1	2	126	115
6452	20	1	2	125	116
6452	21	1	2	124	117
6452	22	1	2	123	118
6452	23	1	2	122	119
6452	24	1	2	121	120
6452	25	1	2	120	121
6452	26	1	2	119	122
6452	27	1	2	118	123
6452	28	1	2	117	124
6452	29	1	2	116	125
6452	30	1	2	115	126
6452	31	1	2	114	127
6452	32	1	2	113	128
6452	33	1	2	144	129
6452	34	1	2	143	130
6452	35	1	2	142	131
6452	36	1	2	141	132
6452	37	1	2	140	133
6452	38	1	2	139	134
6452	39	1	2	138	135
6452	40	1	2	137	136
6452	41	1	2	136	137
6452	42	1	2	135	138
6452	43	1	2	134	139
6452	44	1	2	133	140
6452	45	1	2	132	141
6452	46	1	2	131	142
6452	47	1	2	130	143
6452	48	1	2	129	144
6453	1	1	2	160	145
6453	2	1	2	159	146
6453	3	1	2	158	147
6453	4	1	2	157	148
6453	5	1	2	156	149
6453	6	1	2	155	150
6453	7	1	2	154	151
6453	8	1	2	153	152
6453	9	1	2	152	153
6453	10	1	2	151	154
6453	11	1	2	150	155
6453	12	1	2	149	156
6453	13	1	2	148	157
6453	14	1	2	147	158
6453	15	1	2	146	159
6453	16	1	2	145	160
6453	17	1	2	176	161
6453	18	1	2	175	162
6453	19	1	2	174	163
6453	20	1	2	173	164
6453	21	1	2	172	165
6453	22	1	2	171	166
6453	23	1	2	170	167
6453	24	1	2	169	168
6453	25	1	2	168	169
6453	26	1	2	167	170
6453	27	1	2	166	171
6453	28	1	2	165	172
6453	29	1	2	164	173
6453	30	1	2	163	174
6453	31	1	2	162	175
6453	32	1	2	161	176
6453	33	1	2	192	177
6453	34	1	2	191	178
6453	35	1	2	190	179
6453	36	1	2	189	180
6453	37	1	2	188	181
6453	38	1	2	187	182
6453	39	1	2	186	183
6453	40	1	2	185	184
6453	41	1	2	184	185
6453	42	1	2	183	186
6453	43	1	2	182	187
6453	44	1	2	181	188
6453	45	1	2	180	189
6453	46	1	2	179	190
6453	47	1	2	178	191
6453	48	1	2	177	192
6454	1	1	2	208	193
6454	2	1	2	207	194
6454	3	1	2	206	195
6454	4	1	2	205	196
6454	5	1	2	204	197
6454	6	1	2	203	198
6454	7	1	2	202	199
6454	8	1	2	201	200
6454	9	1	2	200	201
6454	10	1	2	199	202
6454	11	1	2	198	203
6454	12	1	2	197	204
6454	13	1	2	196	205
6454	14	1	2	195	206
6454	15	1	2	194	207
6454	16	1	2	193	208
6454	17	1	2	224	209
6454	18	1	2	223	210
6454	19	1	2	222	211
6454	20	1	2	221	212
6454	21	1	2	220	213
6454	22	1	2	219	214
6454	23	1	2	218	215
6454	24	1	2	217	216
6454	25	1	2	216	217
6454	26	1	2	215	218
6454	27	1	2	214	219
6454	28	1	2	213	220
6454	29	1	2	212	221
6454	30	1	2	211	222
6454	31	1	2	210	223
6454	32	1	2	209	224
6455	1	1	2	240	225
6455	2	1	2	239	226
6455	3	1	2	238	227
6455	4	1	2	237	228
6455	5	1	2	236	229
6455	6	1	2	235	230
6455	7	1	2	234	231
6455	8	1	2	233	232
6455	9	1	2	232	233
6455	10	1	2	231	234
6455	11	1	2	230	235
6455	12	1	2	229	236
6455	13	1	2	228	237
6455	14	1	2	227	238
6455	15	1	2	226	239
6455	16	1	2	225	240
6455	17	1	2	256	241
6455	18	1	2	255	242
6455	19	1	2	254	243
6455	20	1	2	253	244
6455	21	1	2	252	245
6455	22	1	2	251	246
6455	23	1	2	250	247
6455	24	1	2	249	248
6455	25	1	2	248	249
6455	26	1	2	247	250
6455	27	1	2	246	251
6455	28	1	2	245	252
6455	29	1	2	244	253
6455	30	1	2	243	254
6455	31	1	2	242	255
6455	32	1	2	241	256
6460	1	1	3	16	1
6460	2	1	3	15	2
6460	3	1	3	14	3
6460	4	1	3	13	4
6460	5	1	3	12	5
6460	6	1	3	11	6
6460	7	1	3	10	7
6460	8	1	3	9	8
6460	9	1	3	8	9
6460	10	1	3	7	10
6460	11	1	3	6	11
6460	12	1	3	5	12
6460	13	1	3	4	13
6460	14	1	3	3	14
6460	15	1	3	2	15
6460	16	1	3	1	16
6460	17	1	3	32	17
6460	18	1	3	31	18
6460	19	1	3	30	19
6460	20	1	3	29	20
6460	21	1	3	28	21
6460	22	1	3	27	22
6460	23	1	3	26	23
6460	24	1	3	25	24
6460	25	1	3	24	25
6460	26	1	3	23	26
6460	27	1	3	22	27
6460	28	1	3	21	28
6460	29	1	3	20	29
6460	30	1	3	19	30
6460	31	1	3	18	31
6460	32	1	3	17	32
6460	33	1	3	48	33
6460	34	1	3	47	34
6460	35	1	3	46	35
6460	36	1	3	45	36
6460	37	1	3	44	37
6460	38	1	3	43	38
6460	39	1	3	42	39
6460	40	1	3	41	40
6460	41	1	3	40	41
6460	42	1	3	39	42
6460	43	1	3	38	43
6460	44	1	3	37	44
6460	45	1	3	36	45
6460	46	1	3	35	46
6460	47	1	3	34	47
6460	48	1	3	33	48
6461	1	1	3	64	49
6461	2	1	3	63	50
6461	3	1	3	62	51
6461	4	1	3	61	52
6461	5	1	3	60	53
6461	6	1	3	59	54
6461	7	1	3	58	55
6461	8	1	3	57	56
6461	9	1	3	56	57
6461	10	1	3	55	58
6461	11	1	3	54	59
6461	12	1	3	53	60
6461	13	1	3	52	61
6461	14	1	3	51	62
6461	15	1	3	50	63
6461	16	1	3	49	64
6461	17	1	3	80	65
6461	18	1	3	79	66
6461	19	1	3	78	67
6461	20	1	3	77	68
6461	21	1	3	76	69
6461	22	1	3	75	70
6461	23	1	3	74	71
6461	24	1	3	73	72
6461	25	1	3	72	73
6461	26	1	3	71	74
6461	27	1	3	70	75
6461	28	1	3	69	76
6461	29	1	3	68	77
6461	30	1	3	67	78
6461	31	1	3	66	79
6461	32	1	3	65	80
6461	33	1	3	96	81
6461	34	1	3	95	82
6461	35	1	3	94	83
6461	36	1	3	93	84
6461	37	1	3	92	85
6461	38	1	3	91	86
6461	39	1	3	90	87
6461	40	1	3	89	88
6461	41	1	3	88	89
6461	42	1	3	87	90
6461	43	1	3	86	91
6461	44	1	3	85	92
6461	45	1	3	84	93
6461	46	1	3	83	94
6461	47	1	3	82	95
6461	48	1	3	81	96
6462	1	1	3	112	97
6462	2	1	3	111	98
6462	3	1	3	110	99
6462	4	1	3	109	100
6462	5	1	3	108	101
6462	6	1	3	107	102
6462	7	1	3	106	103
6462	8	1	3	105	104
6462	9	1	3	104	105
6462	10	1	3	103	106
6462	11	1	3	102	107
6462	12	1	3	101	108
6462	13	1	3	100	109
6462	14	1	3	99	110
6462	15	1	3	98	111
6462	16	1	3	97	112
6462	17	1	3	128	113
6462	18	1	3	127	114
6462	19	1	3	126	115
6462	20	1	3	125	116
6462	21	1	3	124	117
6462	22	1	3	123	118
6462	23	1	3	122	119
6462	24	1	3	121	120
6462	25	1	3	120	121
6462	26	1	3	119	122
6462	27	1	3	118	123
6462	28	1	3	117	124
6462	29	1	3	116	125
6462	30	1	3	115	126
6462	31	1	3	114	127
6462	32	1	3	113	128
6462	33	1	3	144	129
6462	34	1	3	143	130
6462	35	1	3	142	131
6462	36	1	3	141	132
6462	37	1	3	140	133
6462	38	1	3	139	134
6462	39	1	3	138	135
6462	40	1	3	137	136
6462	41	1	3	136	137
6462	42	1	3	135	138
6462	43	1	3	134	139
6462	44	1	3	133	140
6462	45	1	3	132	141
6462	46	1	3	131	142
6462	47	1	3	130	143
6462	48	1	3	129	144
6463	1	1	3	160	145
6463	2	1	3	159	146
6463	3	1	3	158	147
6463	4	1	3	157	148
6463	5	1	3	156	149
6463	6	1	3	155	150
6463	7	1	3	154	151
6463	8	1	3	153	152
6463	9	1	3	152	153
6463	10	1	3	151	154
6463	11	1	3	150	155
6463	12	1	3	149	156
6463	13	1	3	148	157
6463	14	1	3	147	158
6463	15	1	3	146	159
6463	16	1	3	145	160
6463	17	1	3	176	161
6463	18	1	3	175	162
6463	19	1	3	174	163
6463	20	1	3	173	164
6463	21	1	3	172	165
6463	22	1	3	171	166
6463	23	1	3	170	167
6463	24	1	3	169	168
6463	25	1	3	168	169
6463	26	1	3	167	170
6463	27	1	3	166	171
6463	28	1	3	165	172
6463	29	1	3	164	173
6463	30	1	3	163	174
6463	31	1	3	162	175
6463	32	1	3	161	176
6463	33	1	3	192	177
6463	34	1	3	191	178
6463	35	1	3	190	179
6463	36	1	3	189	180
6463	37	1	3	188	181
6463	38	1	3	187	182
6463	39	1	3	186	183
6463	40	1	3	185	184
6463	41	1	3	184	185
6463	42	1	3	183	186
6463	43	1	3	182	187
6463	44	1	3	181	188
6463	45	1	3	180	189
6463	46	1	3	179	190
6463	47	1	3	178	191
6463	48	1	3	177	192
6464	1	1	3	208	193
6464	2	1	3	207	194
6464	3	1	3	206	195
6464	4	1	3	205	196
6464	5	1	3	204	197
6464	6	1	3	203	198
6464	7	1	3	202	199
6464	8	1	3	201	200
6464	9	1	3	200	201
6464	10	1	3	199	202
6464	11	1	3	198	203
6464	12	1	3	197	204
6464	13	1	3	196	205
6464	14	1	3	195	206
6464	15	1	3	194	207
6464	16	1	3	193	208
6464	17	1	3	224	209
6464	18	1	3	223	210
6464	19	1	3	222	211
6464	20	1	3	221	212
6464	21	1	3	220	213
6464	22	1	3	219	214
6464	23	1	3	218	215
6464	24	1	3	217	216
6464	25	1	3	216	217
6464	26	1	3	215	218
6464	27	1	3	214	219
6464	28	1	3	213	220
6464	29	1	3	212	221
6464	30	1	3	211	222
6464	31	1	3	210	223
6464	32	1	3	209	224
6465	1	1	3	240	225
6465	2	1	3	239	226
6465	3	1	3	238	227
6465	4	1	3	237	228
6465	5	1	3	236	229
6465	6	1	3	235	230
6465	7	1	3	234	231
6465	8	1	3	233	232
6465	9	1	3	232	233
6465	10	1	3	231	234
6465	11	1	3	230	235
6465	12	1	3	229	236
6465	13	1	3	228	237
6465	14	1	3	227	238
6465	15	1	3	226	239
6465	16	1	3	225	240
6465	17	1	3	256	241
6465	18	1	3	255	242
6465	19	1	3	254	243
6465	20	1	3	253	244
6465	21	1	3	252	245
6465	22	1	3	251	246
6465	23	1	3	250	247
6465	24	1	3	249	248
6465	25	1	3	248	249
6465	26	1	3	247	250
6465	27	1	3	246	251
6465	28	1	3	245	252
6465	29	1	3	244	253
6465	30	1	3	243	254
6465	31	1	3	242	255
6465	32	1	3	241	256
6470	1	1	4	16	1
6470	2	1	4	15	2
6470	3	1	4	14	3
6470	4	1	4	13	4
6470	5	1	4	12	5
6470	6	1	4	11	6
6470	7	1	4	10	7
6470	8	1	4	9	8
6470	9	1	4	8	9
6470	10	1	4	7	10
6470	11	1	4	6	11
6470	12	1	4	5	12
6470	13	1	4	4	13
6470	14	1	4	3	14
6470	15	1	4	2	15
6470	16	1	4	1	16
6470	17	1	4	32	17
6470	18	1	4	31	18
6470	19	1	4	30	19
6470	20	1	4	29	20
6470	21	1	4	28	21
6470	22	1	4	27	22
6470	23	1	4	26	23
6470	24	1	4	25	24
6470	25	1	4	24	25
6470	26	1	4	23	26
6470	27	1	4	22	27
6470	28	1	4	21	28
6470	29	1	4	20	29
6470	30	1	4	19	30
6470	31	1	4	18	31
6470	32	1	4	17	32
6470	33	1	4	48	33
6470	34	1	4	47	34
6470	35	1	4	46	35
6470	36	1	4	45	36
6470	37	1	4	44	37
6470	38	1	4	43	38
6470	39	1	4	42	39
6470	40	1	4	41	40
6470	41	1	4	40	41
6470	42	1	4	39	42
6470	43	1	4	38	43
6470	44	1	4	37	44
6470	45	1	4	36	45
6470	46	1	4	35	46
6470	47	1	4	34	47
6470	48	1	4	33	48
6471	1	1	4	64	49
6471	2	1	4	63	50
6471	3	1	4	62	51
6471	4	1	4	61	52
6471	5	1	4	60	53
6471	6	1	4	59	54
6471	7	1	4	58	55
6471	8	1	4	57	56
6471	9	1	4	56	57
6471	10	1	4	55	58
6471	11	1	4	54	59
6471	12	1	4	53	60
6471	13	1	4	52	61
6471	14	1	4	51	62
6471	15	1	4	50	63
6471	16	1	4	49	64
6471	17	1	4	80	65
6471	18	1	4	79	66
6471	19	1	4	78	67
6471	20	1	4	77	68
6471	21	1	4	76	69
6471	22	1	4	75	70
6471	23	1	4	74	71
6471	24	1	4	73	72
6471	25	1	4	72	73
6471	26	1	4	71	74
6471	27	1	4	70	75
6471	28	1	4	69	76
6471	29	1	4	68	77
6471	30	1	4	67	78
6471	31	1	4	66	79
6471	32	1	4	65	80
6471	33	1	4	96	81
6471	34	1	4	95	82
6471	35	1	4	94	83
6471	36	1	4	93	84
6471	37	1	4	92	85
6471	38	1	4	91	86
6471	39	1	4	90	87
6471	40	1	4	89	88
6471	41	1	4	88	89
6471	42	1	4	87	90
6471	43	1	4	86	91
6471	44	1	4	85	92
6471	45	1	4	84	93
6471	46	1	4	83	94
6471	47	1	4	82	95
6471	48	1	4	81	96
6472	1	1	4	112	97
6472	2	1	4	111	98
6472	3	1	4	110	99
6472	4	1	4	109	100
6472	5	1	4	108	101
6472	6	1	4	107	102
6472	7	1	4	106	103
6472	8	1	4	105	104
6472	9	1	4	104	105
6472	10	1	4	103	106
6472	11	1	4	102	107
6472	12	1	4	101	108
6472	13	1	4	100	109
6472	14	1	4	99	110
6472	15	1	4	98	111
6472	16	1	4	97	112
6472	17	1	4	128	113
6472	18	1	4	127	114
6472	19	1	4	126	115
6472	20	1	4	125	116
6472	21	1	4	124	117
6472	22	1	4	123	118
6472	23	1	4	122	119
6472	24	1	4	121	120
6472	25	1	4	120	121
6472	26	1	4	119	122
6472	27	1	4	118	123
6472	28	1	4	117	124
6472	29	1	4	116	125
6472	30	1	4	115	126
6472	31	1	4	114	127
6472	32	1	4	113	128
6472	33	1	4	144	129
6472	34	1	4	143	130
6472	35	1	4	142	131
6472	36	1	4	141	132
6472	37	1	4	140	133
6472	38	1	4	139	134
6472	39	1	4	138	135
6472	40	1	4	137	136
6472	41	1	4	136	137
6472	42	1	4	135	138
6472	43	1	4	134	139
6472	44	1	4	133	140
6472	45	1	4	132	141
6472	46	1	4	131	142
6472	47	1	4	130	143
6472	48	1	4	129	144
6473	1	1	4	160	145
6473	2	1	4	159	146
6473	3	1	4	158	147
6473	4	1	4	157	148
6473	5	1	4	156	149
6473	6	1	4	155	150
6473	7	1	4	154	151
6473	8	1	4	153	152
6473	9	1	4	152	153
6473	10	1	4	151	154
6473	11	1	4	150	155
6473	12	1	4	149	156
6473	13	1	4	148	157
6473	14	1	4	147	158
6473	15	1	4	146	159
6473	16	1	4	145	160
6473	17	1	4	176	161
6473	18	1	4	175	162
6473	19	1	4	174	163
6473	20	1	4	173	164
6473	21	1	4	172	165
6473	22	1	4	171	166
6473	23	1	4	170	167
6473	24	1	4	169	168
6473	25	1	4	168	169
6473	26	1	4	167	170
6473	27	1	4	166	171
6473	28	1	4	165	172
6473	29	1	4	164	173
6473	30	1	4	163	174
6473	31	1	4	162	175
6473	32	1	4	161	176
6473	33	1	4	192	177
6473	34	1	4	191	178
6473	35	1	4	190	179
6473	36	1	4	189	180
6473	37	1	4	188	181
6473	38	1	4	187	182
6473	39	1	4	186	183
6473	40	1	4	185	184
6473	41	1	4	184	185
6473	42	1	4	183	186
6473	43	1	4	182	187
6473	44	1	4	181	188
6473	45	1	4	180	189
6473	46	1	4	179	190
6473	47	1	4	178	191
6473	48	1	4	177	192
6444	33	1	4	208	193
6444	34	1	4	207	194
6444	35	1	4	206	195
6444	36	1	4	205	196
6444	37	1	4	204	197
6444	38	1	4	203	198
6444	39	1	4	202	199
6444	40	1	4	201	200
6444	41	1	4	200	201
6444	42	1	4	199	202
6444	43	1	4	198	203
6444	44	1	4	197	204
6444	45	1	4	196	205
6444	46	1	4	195	206
6444	47	1	4	194	207
6444	48	1	4	193	208
6445	33	1	4	224	209
6445	34	1	4	223	210
6445	35	1	4	222	211
6445	36	1	4	221	212
6445	37	1	4	220	213
6445	38	1	4	219	214
6445	39	1	4	218	215
6445	40	1	4	217	216
6445	41	1	4	216	217
6445	42	1	4	215	218
6445	43	1	4	214	219
6445	44	1	4	213	220
6445	45	1	4	212	221
6445	46	1	4	211	222
6445	47	1	4	210	223
6445	48	1	4	209	224
6454	33	1	4	240	225
6454	34	1	4	239	226
6454	35	1	4	238	227
6454	36	1	4	237	228
6454	37	1	4	236	229
6454	38	1	4	235	230
6454	39	1	4	234	231
6454	40	1	4	233	232
6454	41	1	4	232	233
6454	42	1	4	231	234
6454	43	1	4	230	235
6454	44	1	4	229	236
6454	45	1	4	228	237
6454	46	1	4	227	238
6454	47	1	4	226	239
6454	48	1	4	225	240
6455	33	1	4	256	241
6455	34	1	4	255	242
6455	35	1	4	254	243
6455	36	1	4	253	244
6455	37	1	4	252	245
6455	38	1	4	251	246
6455	39	1	4	250	247
6455	40	1	4	249	248
6455	41	1	4	248	249
6455	42	1	4	247	250
6455	43	1	4	246	251
6455	44	1	4	245	252
6455	45	1	4	244	253
6455	46	1	4	243	254
6455	47	1	4	242	255
6455	48	1	4	241	256
6500	1	2	1	1	1
6400	1	1	5	1	3
6400	2	1	5	2	3
6400	3	1	5	3	3
6400	4	1	5	4	3
6400	5	1	5	5	3
6400	6	1	5	6	3
6400	7	1	5	7	3
6400	8	1	5	8	3
6400	9	1	5	9	3
6400	10	1	5	10	3
6400	11	1	5	11	3
6400	12	1	5	12	3
6400	13	1	5	13	3
6400	14	1	5	14	3
6400	15	1	5	15	3
6400	16	1	5	16	3
6400	17	1	5	17	3
6400	18	1	5	18	3
6400	19	1	5	19	3
6400	20	1	5	20	3
6400	21	1	5	21	3
6400	22	1	5	22	3
6400	23	1	5	23	3
6400	24	1	5	24	3
6400	25	1	5	25	3
6400	26	1	5	26	3
6400	27	1	5	27	3
6400	28	1	5	28	3
6400	29	1	5	29	3
6400	30	1	5	30	3
6400	31	1	5	31	3
6400	32	1	5	32	3
6400	33	1	5	33	3
6400	34	1	5	34	3
6400	35	1	5	35	3
6400	36	1	5	36	3
6400	37	1	5	37	3
6400	38	1	5	38	3
6400	39	1	5	39	3
6400	40	1	5	40	3
6400	41	1	5	41	3
6400	42	1	5	42	3
6400	43	1	5	43	3
6400	44	1	5	44	3
6400	45	1	5	45	3
6400	46	1	5	46	3
6400	47	1	5	47	3
6400	48	1	5	48	3
6401	1	1	5	49	3
6401	2	1	5	50	3
6401	3	1	5	51	3
6401	4	1	5	52	3
6401	5	1	5	53	3
6401	6	1	5	54	3
6401	7	1	5	55	3
6401	8	1	5	56	3
6401	9	1	5	57	3
6401	10	1	5	58	3
6401	11	1	5	59	3
6401	12	1	5	60	3
6401	13	1	5	61	3
6401	14	1	5	62	3
6401	15	1	5	63	3
6401	16	1	5	64	3
6401	17	1	5	65	3
6401	18	1	5	66	3
6401	19	1	5	67	3
6401	20	1	5	68	3
6401	21	1	5	69	3
6401	22	1	5	70	3
6401	23	1	5	71	3
6401	24	1	5	72	2
6401	25	1	5	73	2
6401	26	1	5	74	2
6401	27	1	5	75	2
6401	28	1	5	76	2
6401	29	1	5	77	2
6401	30	1	5	78	2
6401	31	1	5	79	2
6401	32	1	5	80	1
6401	33	1	5	81	1
6401	34	1	5	82	1
6401	35	1	5	83	1
6401	36	1	5	84	1
6401	37	1	5	85	1
6401	38	1	5	86	1
6401	39	1	5	87	1
6401	40	1	5	88	1
6401	41	1	5	89	1
6401	42	1	5	90	1
6401	43	1	5	91	1
6401	44	1	5	92	1
6401	45	1	5	93	1
6401	46	1	5	94	1
6401	47	1	5	95	1
6401	48	1	5	96	2
6402	1	1	5	97	2
6402	2	1	5	98	2
6402	3	1	5	99	2
6402	4	1	5	100	2
6402	5	1	5	101	2
6402	6	1	5	102	2
6402	7	1	5	103	2
6402	8	1	5	104	3
6402	9	1	5	105	3
6402	10	1	5	106	3
6402	11	1	5	107	3
6402	12	1	5	108	3
6402	13	1	5	109	3
6402	14	1	5	110	3
6402	15	1	5	111	3
6402	16	1	5	112	3
6402	17	1	5	113	3
6402	18	1	5	114	3
6402	19	1	5	115	3
6402	20	1	5	116	3
6402	21	1	5	117	3
6402	22	1	5	118	3
6402	23	1	5	119	3
6402	24	1	5	120	3
6402	25	1	5	121	3
6402	26	1	5	122	3
6402	27	1	5	123	3
6402	28	1	5	124	3
6402	29	1	5	125	3
6402	30	1	5	126	3
6402	31	1	5	127	3
6402	32	1	5	128	3
6402	33	1	5	129	3
6402	34	1	5	130	3
6402	35	1	5	131	3
6402	36	1	5	132	3
6402	37	1	5	133	3
6402	38	1	5	134	3
6402	39	1	5	135	3
6402	40	1	5	136	3
6402	41	1	5	137	3
6402	42	1	5	138	3
6402	43	1	5	139	3
6402	44	1	5	140	3
6402	45	1	5	141	3
6402	46	1	5	142	3
6402	47	1	5	143	3
6402	48	1	5	144	3
6403	1	1	5	145	3
6403	2	1	5	146	3
6403	3	1	5	147	3
6403	4	1	5	148	3
6403	5	1	5	149	3
6403	6	1	5	150	3
6403	7	1	5	151	3
6403	8	1	5	152	3
6403	9	1	5	153	3
6403	10	1	5	154	3
6403	11	1	5	155	3
6403	12	1	5	156	3
6403	13	1	5	157	3
6403	14	1	5	158	3
6403	15	1	5	159	3
6403	16	1	5	160	3
6403	17	1	5	161	3
6403	18	1	5	162	3
6403	19	1	5	163	3
6403	20	1	5	164	3
6403	21	1	5	165	3
6403	22	1	5	166	3
6403	23	1	5	167	3
6403	24	1	5	168	3
6403	25	1	5	169	3
6403	26	1	5	170	3
6403	27	1	5	171	3
6403	28	1	5	172	3
6403	29	1	5	173	3
6403	30	1	5	174	3
6403	31	1	5	175	3
6403	32	1	5	176	3
6410	1	1	6	1	3
6410	2	1	6	2	3
6410	3	1	6	3	3
6410	4	1	6	4	3
6410	5	1	6	5	3
6410	6	1	6	6	3
6410	7	1	6	7	3
6410	8	1	6	8	3
6410	9	1	6	9	3
6410	10	1	6	10	3
6410	11	1	6	11	3
6410	12	1	6	12	3
6410	13	1	6	13	3
6410	14	1	6	14	3
6410	15	1	6	15	3
6410	16	1	6	16	3
6410	17	1	6	17	3
6410	18	1	6	18	3
6410	19	1	6	19	3
6410	20	1	6	20	3
6410	21	1	6	21	3
6410	22	1	6	22	3
6410	23	1	6	23	3
6410	24	1	6	24	3
6410	25	1	6	25	3
6410	26	1	6	26	3
6410	27	1	6	27	3
6410	28	1	6	28	3
6410	29	1	6	29	3
6410	30	1	6	30	3
6410	31	1	6	31	3
6410	32	1	6	32	3
6410	33	1	6	33	3
6410	34	1	6	34	3
6410	35	1	6	35	3
6410	36	1	6	36	3
6410	37	1	6	37	3
6410	38	1	6	38	3
6410	39	1	6	39	3
6410	40	1	6	40	3
6410	41	1	6	41	3
6410	42	1	6	42	3
6410	43	1	6	43	3
6410	44	1	6	44	3
6410	45	1	6	45	3
6410	46	1	6	46	3
6410	47	1	6	47	3
6410	48	1	6	48	3
6411	1	1	6	49	3
6411	2	1	6	50	3
6411	3	1	6	51	3
6411	4	1	6	52	3
6411	5	1	6	53	3
6411	6	1	6	54	3
6411	7	1	6	55	3
6411	8	1	6	56	3
6411	9	1	6	57	3
6411	10	1	6	58	3
6411	11	1	6	59	3
6411	12	1	6	60	3
6411	13	1	6	61	3
6411	14	1	6	62	3
6411	15	1	6	63	3
6411	16	1	6	64	3
6411	17	1	6	65	3
6411	18	1	6	66	3
6411	19	1	6	67	3
6411	20	1	6	68	3
6411	21	1	6	69	3
6411	22	1	6	70	3
6411	23	1	6	71	3
6411	24	1	6	72	2
6411	25	1	6	73	2
6411	26	1	6	74	2
6411	27	1	6	75	2
6411	28	1	6	76	2
6411	29	1	6	77	2
6411	30	1	6	78	2
6411	31	1	6	79	2
6411	32	1	6	80	1
6411	33	1	6	81	1
6411	34	1	6	82	1
6411	35	1	6	83	1
6411	36	1	6	84	1
6411	37	1	6	85	1
6411	38	1	6	86	1
6411	39	1	6	87	1
6411	40	1	6	88	1
6411	41	1	6	89	1
6411	42	1	6	90	1
6411	43	1	6	91	1
6411	44	1	6	92	1
6411	45	1	6	93	1
6411	46	1	6	94	1
6411	47	1	6	95	1
6411	48	1	6	96	2
6412	1	1	6	97	2
6412	2	1	6	98	2
6412	3	1	6	99	2
6412	4	1	6	100	2
6412	5	1	6	101	2
6412	6	1	6	102	2
6412	7	1	6	103	2
6412	8	1	6	104	3
6412	9	1	6	105	3
6412	10	1	6	106	3
6412	11	1	6	107	3
6412	12	1	6	108	3
6412	13	1	6	109	3
6412	14	1	6	110	3
6412	15	1	6	111	3
6412	16	1	6	112	3
6412	17	1	6	113	3
6412	18	1	6	114	3
6412	19	1	6	115	3
6412	20	1	6	116	3
6412	21	1	6	117	3
6412	22	1	6	118	3
6412	23	1	6	119	3
6412	24	1	6	120	3
6412	25	1	6	121	3
6412	26	1	6	122	3
6412	27	1	6	123	3
6412	28	1	6	124	3
6412	29	1	6	125	3
6412	30	1	6	126	3
6412	31	1	6	127	3
6412	32	1	6	128	3
6412	33	1	6	129	3
6412	34	1	6	130	3
6412	35	1	6	131	3
6412	36	1	6	132	3
6412	37	1	6	133	3
6412	38	1	6	134	3
6412	39	1	6	135	3
6412	40	1	6	136	3
6412	41	1	6	137	3
6412	42	1	6	138	3
6412	43	1	6	139	3
6412	44	1	6	140	3
6412	45	1	6	141	3
6412	46	1	6	142	3
6412	47	1	6	143	3
6412	48	1	6	144	3
6413	1	1	6	145	3
6413	2	1	6	146	3
6413	3	1	6	147	3
6413	4	1	6	148	3
6413	5	1	6	149	3
6413	6	1	6	150	3
6413	7	1	6	151	3
6413	8	1	6	152	3
6413	9	1	6	153	3
6413	10	1	6	154	3
6413	11	1	6	155	3
6413	12	1	6	156	3
6413	13	1	6	157	3
6413	14	1	6	158	3
6413	15	1	6	159	3
6413	16	1	6	160	3
6413	17	1	6	161	3
6413	18	1	6	162	3
6413	19	1	6	163	3
6413	20	1	6	164	3
6413	21	1	6	165	3
6413	22	1	6	166	3
6413	23	1	6	167	3
6413	24	1	6	168	3
6413	25	1	6	169	3
6413	26	1	6	170	3
6413	27	1	6	171	3
6413	28	1	6	172	3
6413	29	1	6	173	3
6413	30	1	6	174	3
6413	31	1	6	175	3
6413	32	1	6	176	3
6420	1	1	7	1	3
6420	2	1	7	2	3
6420	3	1	7	3	3
6420	4	1	7	4	3
6420	5	1	7	5	3
6420	6	1	7	6	3
6420	7	1	7	7	3
6420	8	1	7	8	3
6420	9	1	7	9	3
6420	10	1	7	10	3
6420	11	1	7	11	3
6420	12	1	7	12	3
6420	13	1	7	13	3
6420	14	1	7	14	3
6420	15	1	7	15	3
6420	16	1	7	16	3
6420	17	1	7	17	3
6420	18	1	7	18	3
6420	19	1	7	19	3
6420	20	1	7	20	3
6420	21	1	7	21	3
6420	22	1	7	22	3
6420	23	1	7	23	3
6420	24	1	7	24	3
6420	25	1	7	25	3
6420	26	1	7	26	3
6420	27	1	7	27	3
6420	28	1	7	28	3
6420	29	1	7	29	3
6420	30	1	7	30	3
6420	31	1	7	31	3
6420	32	1	7	32	3
6420	33	1	7	33	3
6420	34	1	7	34	3
6420	35	1	7	35	3
6420	36	1	7	36	3
6420	37	1	7	37	3
6420	38	1	7	38	3
6420	39	1	7	39	3
6420	40	1	7	40	3
6420	41	1	7	41	3
6420	42	1	7	42	3
6420	43	1	7	43	3
6420	44	1	7	44	3
6420	45	1	7	45	3
6420	46	1	7	46	3
6420	47	1	7	47	3
6420	48	1	7	48	3
6421	1	1	7	49	3
6421	2	1	7	50	3
6421	3	1	7	51	3
6421	4	1	7	52	3
6421	5	1	7	53	3
6421	6	1	7	54	3
6421	7	1	7	55	3
6421	8	1	7	56	3
6421	9	1	7	57	3
6421	10	1	7	58	3
6421	11	1	7	59	3
6421	12	1	7	60	3
6421	13	1	7	61	3
6421	14	1	7	62	3
6421	15	1	7	63	3
6421	16	1	7	64	3
6421	17	1	7	65	3
6421	18	1	7	66	3
6421	19	1	7	67	3
6421	20	1	7	68	3
6421	21	1	7	69	3
6421	22	1	7	70	3
6421	23	1	7	71	3
6421	24	1	7	72	2
6421	25	1	7	73	2
6421	26	1	7	74	2
6421	27	1	7	75	2
6421	28	1	7	76	2
6421	29	1	7	77	2
6421	30	1	7	78	2
6421	31	1	7	79	2
6421	32	1	7	80	1
6421	33	1	7	81	1
6421	34	1	7	82	1
6421	35	1	7	83	1
6421	36	1	7	84	1
6421	37	1	7	85	1
6421	38	1	7	86	1
6421	39	1	7	87	1
6421	40	1	7	88	1
6421	41	1	7	89	1
6421	42	1	7	90	1
6421	43	1	7	91	1
6421	44	1	7	92	1
6421	45	1	7	93	1
6421	46	1	7	94	1
6421	47	1	7	95	1
6421	48	1	7	96	2
6422	1	1	7	97	2
6422	2	1	7	98	2
6422	3	1	7	99	2
6422	4	1	7	100	2
6422	5	1	7	101	2
6422	6	1	7	102	2
6422	7	1	7	103	2
6422	8	1	7	104	3
6422	9	1	7	105	3
6422	10	1	7	106	3
6422	11	1	7	107	3
6422	12	1	7	108	3
6422	13	1	7	109	3
6422	14	1	7	110	3
6422	15	1	7	111	3
6422	16	1	7	112	3
6422	17	1	7	113	3
6422	18	1	7	114	3
6422	19	1	7	115	3
6422	20	1	7	116	3
6422	21	1	7	117	3
6422	22	1	7	118	3
6422	23	1	7	119	3
6422	24	1	7	120	3
6422	25	1	7	121	3
6422	26	1	7	122	3
6422	27	1	7	123	3
6422	28	1	7	124	3
6422	29	1	7	125	3
6422	30	1	7	126	3
6422	31	1	7	127	3
6422	32	1	7	128	3
6422	33	1	7	129	3
6422	34	1	7	130	3
6422	35	1	7	131	3
6422	36	1	7	132	3
6422	37	1	7	133	3
6422	38	1	7	134	3
6422	39	1	7	135	3
6422	40	1	7	136	3
6422	41	1	7	137	3
6422	42	1	7	138	3
6422	43	1	7	139	3
6422	44	1	7	140	3
6422	45	1	7	141	3
6422	46	1	7	142	3
6422	47	1	7	143	3
6422	48	1	7	144	3
6423	1	1	7	145	3
6423	2	1	7	146	3
6423	3	1	7	147	3
6423	4	1	7	148	3
6423	5	1	7	149	3
6423	6	1	7	150	3
6423	7	1	7	151	3
6423	8	1	7	152	3
6423	9	1	7	153	3
6423	10	1	7	154	3
6423	11	1	7	155	3
6423	12	1	7	156	3
6423	13	1	7	157	3
6423	14	1	7	158	3
6423	15	1	7	159	3
6423	16	1	7	160	3
6423	17	1	7	161	3
6423	18	1	7	162	3
6423	19	1	7	163	3
6423	20	1	7	164	3
6423	21	1	7	165	3
6423	22	1	7	166	3
6423	23	1	7	167	3
6423	24	1	7	168	3
6423	25	1	7	169	3
6423	26	1	7	170	3
6423	27	1	7	171	3
6423	28	1	7	172	3
6423	29	1	7	173	3
6423	30	1	7	174	3
6423	31	1	7	175	3
6423	32	1	7	176	3
6430	1	1	8	1	3
6430	2	1	8	2	3
6430	3	1	8	3	3
6430	4	1	8	4	3
6430	5	1	8	5	3
6430	6	1	8	6	3
6430	7	1	8	7	3
6430	8	1	8	8	3
6430	9	1	8	9	3
6430	10	1	8	10	3
6430	11	1	8	11	3
6430	12	1	8	12	3
6430	13	1	8	13	3
6430	14	1	8	14	3
6430	15	1	8	15	3
6430	16	1	8	16	3
6430	17	1	8	17	3
6430	18	1	8	18	3
6430	19	1	8	19	3
6430	20	1	8	20	3
6430	21	1	8	21	3
6430	22	1	8	22	3
6430	23	1	8	23	3
6430	24	1	8	24	3
6430	25	1	8	25	3
6430	26	1	8	26	3
6430	27	1	8	27	3
6430	28	1	8	28	3
6430	29	1	8	29	3
6430	30	1	8	30	3
6430	31	1	8	31	3
6430	32	1	8	32	3
6430	33	1	8	33	3
6430	34	1	8	34	3
6430	35	1	8	35	3
6430	36	1	8	36	3
6430	37	1	8	37	3
6430	38	1	8	38	3
6430	39	1	8	39	3
6430	40	1	8	40	3
6430	41	1	8	41	3
6430	42	1	8	42	3
6430	43	1	8	43	3
6430	44	1	8	44	3
6430	45	1	8	45	3
6430	46	1	8	46	3
6430	47	1	8	47	3
6430	48	1	8	48	3
6431	1	1	8	49	3
6431	2	1	8	50	3
6431	3	1	8	51	3
6431	4	1	8	52	3
6431	5	1	8	53	3
6431	6	1	8	54	3
6431	7	1	8	55	3
6431	8	1	8	56	3
6431	9	1	8	57	3
6431	10	1	8	58	3
6431	11	1	8	59	3
6431	12	1	8	60	3
6431	13	1	8	61	3
6431	14	1	8	62	3
6431	15	1	8	63	3
6431	16	1	8	64	3
6431	17	1	8	65	3
6431	18	1	8	66	3
6431	19	1	8	67	3
6431	20	1	8	68	3
6431	21	1	8	69	3
6431	22	1	8	70	3
6431	23	1	8	71	3
6431	24	1	8	72	2
6431	25	1	8	73	2
6431	26	1	8	74	2
6431	27	1	8	75	2
6431	28	1	8	76	2
6431	29	1	8	77	2
6431	30	1	8	78	2
6431	31	1	8	79	2
6431	32	1	8	80	1
6431	33	1	8	81	1
6431	34	1	8	82	1
6431	35	1	8	83	1
6431	36	1	8	84	1
6431	37	1	8	85	1
6431	38	1	8	86	1
6431	39	1	8	87	1
6431	40	1	8	88	1
6431	41	1	8	89	1
6431	42	1	8	90	1
6431	43	1	8	91	1
6431	44	1	8	92	1
6431	45	1	8	93	1
6431	46	1	8	94	1
6431	47	1	8	95	1
6431	48	1	8	96	2
6432	1	1	8	97	2
6432	2	1	8	98	2
6432	3	1	8	99	2
6432	4	1	8	100	2
6432	5	1	8	101	2
6432	6	1	8	102	2
6432	7	1	8	103	2
6432	8	1	8	104	3
6432	9	1	8	105	3
6432	10	1	8	106	3
6432	11	1	8	107	3
6432	12	1	8	108	3
6432	13	1	8	109	3
6432	14	1	8	110	3
6432	15	1	8	111	3
6432	16	1	8	112	3
6432	17	1	8	113	3
6432	18	1	8	114	3
6432	19	1	8	115	3
6432	20	1	8	116	3
6432	21	1	8	117	3
6432	22	1	8	118	3
6432	23	1	8	119	3
6432	24	1	8	120	3
6432	25	1	8	121	3
6432	26	1	8	122	3
6432	27	1	8	123	3
6432	28	1	8	124	3
6432	29	1	8	125	3
6432	30	1	8	126	3
6432	31	1	8	127	3
6432	32	1	8	128	3
6432	33	1	8	129	3
6432	34	1	8	130	3
6432	35	1	8	131	3
6432	36	1	8	132	3
6432	37	1	8	133	3
6432	38	1	8	134	3
6432	39	1	8	135	3
6432	40	1	8	136	3
6432	41	1	8	137	3
6432	42	1	8	138	3
6432	43	1	8	139	3
6432	44	1	8	140	3
6432	45	1	8	141	3
6432	46	1	8	142	3
6432	47	1	8	143	3
6432	48	1	8	144	3
6433	1	1	8	145	3
6433	2	1	8	146	3
6433	3	1	8	147	3
6433	4	1	8	148	3
6433	5	1	8	149	3
6433	6	1	8	150	3
6433	7	1	8	151	3
6433	8	1	8	152	3
6433	9	1	8	153	3
6433	10	1	8	154	3
6433	11	1	8	155	3
6433	12	1	8	156	3
6433	13	1	8	157	3
6433	14	1	8	158	3
6433	15	1	8	159	3
6433	16	1	8	160	3
6433	17	1	8	161	3
6433	18	1	8	162	3
6433	19	1	8	163	3
6433	20	1	8	164	3
6433	21	1	8	165	3
6433	22	1	8	166	3
6433	23	1	8	167	3
6433	24	1	8	168	3
6433	25	1	8	169	3
6433	26	1	8	170	3
6433	27	1	8	171	3
6433	28	1	8	172	3
6433	29	1	8	173	3
6433	30	1	8	174	3
6433	31	1	8	175	3
6433	32	1	8	176	3
6810	1	1	0	1	3
6810	2	1	0	2	3
6810	3	1	0	3	3
6810	4	1	0	4	3
6810	5	1	0	5	3
6810	6	1	0	6	3
6810	7	1	0	7	3
6810	8	1	0	8	3
6810	9	1	0	9	3
6810	10	1	0	10	3
6810	11	1	0	11	3
6810	12	1	0	12	3
6810	13	1	0	13	3
6810	14	1	0	14	3
6810	15	1	0	15	3
6810	16	1	0	16	3
6810	17	1	0	17	3
6810	18	1	0	18	3
6810	19	1	0	19	3
6810	20	1	0	20	3
6810	21	1	0	21	3
6810	22	1	0	22	3
6810	23	1	0	23	3
6810	24	1	0	24	3
6810	25	1	0	25	3
6810	26	1	0	26	3
6810	27	1	0	27	3
6810	28	1	0	28	3
6810	29	1	0	29	3
6810	30	1	0	30	3
6810	31	1	0	31	3
6810	32	1	0	32	3
6810	33	1	0	33	3
6810	34	1	0	34	3
6810	35	1	0	35	3
6810	36	1	0	36	3
6810	37	1	0	37	3
6810	38	1	0	38	3
6810	39	1	0	39	3
6810	40	1	0	40	3
6810	41	1	0	41	3
6810	42	1	0	42	3
6810	43	1	0	43	3
6810	44	1	0	44	3
6810	45	1	0	45	3
6810	46	1	0	46	3
6810	47	1	0	47	3
6810	48	1	0	48	3
6811	1	1	0	1	3
6811	2	1	0	2	3
6811	3	1	0	3	3
6811	4	1	0	4	3
6811	5	1	0	5	3
6811	6	1	0	6	3
6811	7	1	0	7	3
6811	8	1	0	8	3
6811	9	1	0	9	3
6811	10	1	0	10	3
6811	11	1	0	11	3
6811	12	1	0	12	3
6811	13	1	0	13	3
6811	14	1	0	14	3
6811	15	1	0	15	3
6811	16	1	0	16	3
6811	17	1	0	17	3
6811	18	1	0	18	3
6811	19	1	0	19	3
6811	20	1	0	20	3
6811	21	1	0	21	3
6811	22	1	0	22	3
6811	23	1	0	23	3
6811	24	1	0	24	3
6811	25	1	0	25	3
6811	26	1	0	26	3
6811	27	1	0	27	3
6811	28	1	0	28	3
6811	29	1	0	29	3
6811	30	1	0	30	3
6811	31	1	0	31	3
6811	32	1	0	32	3
6811	33	1	0	33	3
6811	34	1	0	34	3
6811	35	1	0	35	3
6811	36	1	0	36	3
6811	37	1	0	37	3
6811	38	1	0	38	3
6811	39	1	0	39	3
6811	40	1	0	40	3
6811	41	1	0	41	3
6811	42	1	0	42	3
6811	43	1	0	43	3
6811	44	1	0	44	3
6811	45	1	0	45	3
6811	46	1	0	46	3
6811	47	1	0	47	3
6811	48	1	0	48	3
6812	8	1	0	8	3
6812	9	1	0	9	3
6812	10	1	0	10	3
6812	11	1	0	11	3
6812	12	1	0	12	3
6812	13	1	0	13	3
6812	14	1	0	14	3
6812	15	1	0	15	3
6812	16	1	0	16	3
6812	17	1	0	17	3
6812	18	1	0	18	3
6812	19	1	0	19	3
6812	20	1	0	20	3
6812	21	1	0	21	3
6812	22	1	0	22	3
6812	23	1	0	23	3
6812	24	1	0	24	3
6812	25	1	0	25	3
6812	26	1	0	26	3
6812	27	1	0	27	3
6812	28	1	0	28	3
6812	29	1	0	29	3
6812	30	1	0	30	3
6812	31	1	0	31	3
6812	32	1	0	32	3
6812	33	1	0	33	3
6812	34	1	0	34	3
6812	35	1	0	35	3
6812	36	1	0	36	3
6812	37	1	0	37	3
6812	38	1	0	38	3
6812	39	1	0	39	3
6812	40	1	0	40	3
6812	41	1	0	41	3
6812	42	1	0	42	3
6812	43	1	0	43	3
6812	44	1	0	44	3
6812	45	1	0	45	3
6812	46	1	0	46	3
6812	47	1	0	47	3
6812	48	1	0	48	3
6813	8	1	0	8	3
6813	9	1	0	9	3
6813	10	1	0	10	3
6813	11	1	0	11	3
6813	12	1	0	12	3
6813	13	1	0	13	3
6813	14	1	0	14	3
6813	15	1	0	15	3
6813	16	1	0	16	3
6813	17	1	0	17	3
6813	18	1	0	18	3
6813	19	1	0	19	3
6813	20	1	0	20	3
6813	21	1	0	21	3
6813	22	1	0	22	3
6813	23	1	0	23	3
6813	24	1	0	24	3
6813	25	1	0	25	3
6813	26	1	0	26	3
6813	27	1	0	27	3
6813	28	1	0	28	3
6813	29	1	0	29	3
6813	30	1	0	30	3
6813	31	1	0	31	3
6813	32	1	0	32	3
6813	33	1	0	33	3
6813	34	1	0	34	3
6813	35	1	0	35	3
6813	36	1	0	36	3
6813	37	1	0	37	3
6813	38	1	0	38	3
6813	39	1	0	39	3
6813	40	1	0	40	3
6813	41	1	0	41	3
6813	42	1	0	42	3
6813	43	1	0	43	3
6813	44	1	0	44	3
6813	45	1	0	45	3
6813	46	1	0	46	3
6813	47	1	0	47	3
6813	48	1	0	48	3
